Threshold=0.000100
Threshold=0.500000
Threshold=0.999900
