There are 24500 - 6 = 24494 degrees of freedom.
 iter=0:   reduced chi2=0.223314811049:  I=1.000000000000,  dir=[1.000000000000, 1.000000000000] arcsec,  shape=[1.000000000000, 1.000000000000, 1.000000000000]
 iter=1:   reduced chi2=0.000009054387:  I=0.003067787896,  dir=[0.999972260138, 1.000014020852] arcsec,  shape=[1.005504305738, 1.000000000000, 1.000000000000]
 iter=2:   reduced chi2=0.000006970530:  I=0.000016084886,  dir=[0.990840098106, 1.004657130922] arcsec,  shape=[1.002178273723, 1.000000000000, 1.000000000000]
 iter=3:   reduced chi2=0.000006969904:  I=0.000013339636,  dir=[-0.745309420678, 1.876440775873] arcsec,  shape=[0.156090531321, 1.000000000000, 1.000000000000]
 iter=4:   reduced chi2=0.000006968906:  I=0.000033539381,  dir=[-0.823117631110, 2.035541382218] arcsec,  shape=[1.534673607554, 1.000000000000, 1.000000000000]
 iter=5:   reduced chi2=0.000006967578:  I=0.000058941538,  dir=[-0.837836252365, 2.227158338216] arcsec,  shape=[1.850137173284, 1.000000000000, 1.000000000000]
If data weights are arbitrarily scaled, the following formal errors
 will be underestimated by at least a factor sqrt(reduced chi2). If 
 the fit is systematically poor, the errors are much worse.
I = 0.000058941538 +/- 0.039938450415
x = -0.837836252365 +/- 279.197268201597 arcsec
y = 2.227158338216 +/- 263.671824873884 arcsec
a = 1.850137173284 +/- 2920.528917205436 arcsec
r = 1.000000000000 +/- 1927.238361495396
p = 1.000000000000 +/- 57.295779513082 deg
Writing componentlist to file: /scratch/scastro/casa/Tests/reports/test1.cl
There are 24500 - 6 = 24494 degrees of freedom.
 iter=0:   reduced chi2=0.115118357827:  I=1.000000000000,  dir=[1.000000000000, 1.000000000000] arcsec,  shape=[1.000000000000, 1.000000000000, 1.000000000000]
 iter=1:   reduced chi2=0.000007482825:  I=0.002119327758,  dir=[0.999934973512, 1.000058817866] arcsec,  shape=[1.001336240621, 1.000000000000, 1.000000000000]
 iter=2:   reduced chi2=0.000006970528:  I=0.000037699144,  dir=[0.969150782697, 1.027946908790] arcsec,  shape=[1.011624981992, 1.000000000000, 1.000000000000]
 iter=3:   reduced chi2=0.000006968477:  I=0.000049904220,  dir=[-0.814741157931, 2.650476965563] arcsec,  shape=[1.932547303760, 1.000000000000, 1.000000000000]
 iter=4:   reduced chi2=0.000006966350:  I=0.000090434399,  dir=[-0.521044257691, 2.207304072433] arcsec,  shape=[1.303669983897, 0.871476592450, 1.000000000000]
 iter=5:   reduced chi2=0.000006964835:  I=0.000124176814,  dir=[-0.518584373167, 2.291085699650] arcsec,  shape=[1.358745878570, 1.000000000000, 18.507295761442]
If data weights are arbitrarily scaled, the following formal errors
 will be underestimated by at least a factor sqrt(reduced chi2). If 
 the fit is systematically poor, the errors are much worse.
I = 0.000124176814 +/- 0.035641640893
x = -0.518584373167 +/- 171.745237285483 arcsec
y = 2.291085699650 +/- 165.210010527884 arcsec
a = 1.358745878570 +/- 425.283389415727 arcsec
r = 1.000000000000 +/- 444.810493853655
p = 18.507295761442 +/- 57.295779513082 deg
Writing componentlist to file: /scratch/scastro/casa/Tests/reports/test2.cl
